\begin{tabular}{lllllllll}
\toprule
feature & Age & Height & Weight & FCVC & NCP & CH2O & FAF & TUE \\
\midrule
Age & 1.0000 & -0.0017 & 0.3058 & 0.0523 & -0.0456 & -0.0089 & -0.1796 & -0.2970 \\
Height & -0.0017 & 1.0000 & 0.4611 & -0.0379 & 0.2436 & 0.2116 & 0.2957 & 0.0514 \\
Weight & 0.3058 & 0.4611 & 1.0000 & 0.2162 & 0.1070 & 0.2009 & -0.0532 & -0.0730 \\
FCVC & 0.0523 & -0.0379 & 0.2162 & 1.0000 & 0.0418 & 0.0693 & 0.0176 & -0.1029 \\
NCP & -0.0456 & 0.2436 & 0.1070 & 0.0418 & 1.0000 & 0.0569 & 0.1289 & 0.0356 \\
CH2O & -0.0089 & 0.2116 & 0.2009 & 0.0693 & 0.0569 & 1.0000 & 0.1688 & 0.0129 \\
FAF & -0.1796 & 0.2957 & -0.0532 & 0.0176 & 0.1289 & 0.1688 & 1.0000 & 0.0557 \\
TUE & -0.2970 & 0.0514 & -0.0730 & -0.1029 & 0.0356 & 0.0129 & 0.0557 & 1.0000 \\
\bottomrule
\end{tabular}
